metric,fail_ratio_difference,absolute_fail_ratio_difference,number_of_test_cases,gt_fail_ratio,eval_fail_ratio,s_delta_range,v_delta_range,ego_max_dec_range,points,pass_fail
87.45192307692308,-7.028846153846152,7.028846153846152,50,0.3697115384615385,0.44,"[18.84264247 38.09267197 42.91268857 16.81379032 24.24508855 53.99660227
 48.57143267 54.53865152 32.85337575 34.81416413 55.60182307 23.21233579
 36.46901145 28.3369473  30.71946247 50.48481214 50.50885934 28.93013656
 30.9858998  13.67570454 17.25648549 13.83348548 54.12010305 51.01516004
 37.90087098 36.61085108 15.83538293 54.35971915 30.60427312 48.75106973
 42.45874737 56.49046567 39.59694042 58.64086795 12.39683216 17.35148344
 20.53887601 19.33987161 33.1584608  45.93638494 32.60762714 14.09360841
 25.34199777 47.13993522 16.24342374 46.33112889 26.86311998 33.70658394
 41.04588847 56.93132565]","[18.9290903  38.49774547 17.77156298 21.40961497 26.89061121 15.56138043
 35.97484004 23.19569892 33.89610497 19.7034589  27.33042599 17.4237456
 23.52278219 34.61298776 34.27608704 31.39404131 35.4831508  10.44741357
 11.74345592 12.93318917 37.65117115 27.71973069 18.02554969 13.40103531
 30.70154409 14.94437615 11.99007104 38.6334764  16.36204648 21.84063971
 28.60904813 28.94617947 20.8993534  38.05688484 22.17487535 34.0179132
 15.31530449 35.7291094  13.22697354 12.82213706 24.29673574 13.82479272
 23.59019808 36.22302883 28.69426896 26.6510431  27.52290365 36.84784562
 30.41276443 30.72507432]","[3.1163987  6.15197501 6.83599384 5.39605877 3.70584594 4.80117263
 3.14627585 6.02638589 6.9225774  3.45291321 4.37794248 4.34730499
 6.16232628 3.19266325 5.39550869 6.92560178 5.19260917 5.49577579
 4.02579449 5.95725991 5.46906099 6.58442865 3.10866203 6.09771394
 4.68777303 4.8468748  3.55973375 6.44667319 5.87351075 3.99941852
 3.41909588 3.35400569 5.19773469 4.20854427 3.94993643 4.06838767
 6.7646316  6.57439013 3.02632038 3.77067383 4.35259906 4.86562226
 6.73841573 4.11506813 5.04040523 5.19355971 5.74125393 4.27762232
 6.13226395 5.78171484]","[[18.84264247 18.9290903   3.1163987 ]
 [38.09267197 38.49774547  6.15197501]
 [42.91268857 17.77156298  6.83599384]
 [16.81379032 21.40961497  5.39605877]
 [24.24508855 26.89061121  3.70584594]
 [53.99660227 15.56138043  4.80117263]
 [48.57143267 35.97484004  3.14627585]
 [54.53865152 23.19569892  6.02638589]
 [32.85337575 33.89610497  6.9225774 ]
 [34.81416413 19.7034589   3.45291321]
 [55.60182307 27.33042599  4.37794248]
 [23.21233579 17.4237456   4.34730499]
 [36.46901145 23.52278219  6.16232628]
 [28.3369473  34.61298776  3.19266325]
 [30.71946247 34.27608704  5.39550869]
 [50.48481214 31.39404131  6.92560178]
 [50.50885934 35.4831508   5.19260917]
 [28.93013656 10.44741357  5.49577579]
 [30.9858998  11.74345592  4.02579449]
 [13.67570454 12.93318917  5.95725991]
 [17.25648549 37.65117115  5.46906099]
 [13.83348548 27.71973069  6.58442865]
 [54.12010305 18.02554969  3.10866203]
 [51.01516004 13.40103531  6.09771394]
 [37.90087098 30.70154409  4.68777303]
 [36.61085108 14.94437615  4.8468748 ]
 [15.83538293 11.99007104  3.55973375]
 [54.35971915 38.6334764   6.44667319]
 [30.60427312 16.36204648  5.87351075]
 [48.75106973 21.84063971  3.99941852]
 [42.45874737 28.60904813  3.41909588]
 [56.49046567 28.94617947  3.35400569]
 [39.59694042 20.8993534   5.19773469]
 [58.64086795 38.05688484  4.20854427]
 [12.39683216 22.17487535  3.94993643]
 [17.35148344 34.0179132   4.06838767]
 [20.53887601 15.31530449  6.7646316 ]
 [19.33987161 35.7291094   6.57439013]
 [33.1584608  13.22697354  3.02632038]
 [45.93638494 12.82213706  3.77067383]
 [32.60762714 24.29673574  4.35259906]
 [14.09360841 13.82479272  4.86562226]
 [25.34199777 23.59019808  6.73841573]
 [47.13993522 36.22302883  4.11506813]
 [16.24342374 28.69426896  5.04040523]
 [46.33112889 26.6510431   5.19355971]
 [26.86311998 27.52290365  5.74125393]
 [33.70658394 36.84784562  4.27762232]
 [41.04588847 30.41276443  6.13226395]
 [56.93132565 30.72507432  5.78171484]]","[ True  True False  True  True False  True False  True False False False
  True  True  True False False False False  True  True  True False False
  True False  True  True False False  True False False  True  True  True
  True  True False False  True  True False  True  True False  True  True
  True False]"
